41 50 38 58 59
94 140 123 162 177
44 40 64 94 101
99 86 111 178 174
111 117 113 147 147
====================
214 83 182 76 136
178 104 173 98 193
145 24 93 65 108
248 77 188 135 209
203 59 166 114 174
====================
209 156 116 93 115
183 145 114 126 100
83 91 38 22 54
196 144 107 93 98
187 124 103 106 91
====================
103 93 111 74 67
120 168 176 86 102
159 139 179 114 106
211 215 195 169 139
235 224 268 149 154
====================
215 76 142 151 96
285 126 236 249 156
117 51 126 94 114
226 95 163 186 111
195 88 175 182 135
====================
156 174 121 196 225
179 200 97 201 202
125 164 90 181 157
143 140 56 140 135
167 184 98 200 196
====================
225 141 200 222 164
226 162 226 242 172
117 106 130 137 89
132 85 107 122 116
118 79 90 111 88
====================
97 62 96 120 47
135 131 124 182 104
123 51 153 150 85
88 66 65 96 43
138 93 146 153 64
====================
